 y1 =  0.249999985    
 y2 =  0.250000000    
 p =   3.14159274    
 z1 =  0.278613389    
 z2 =  0.278613329    
 y1 =  0.238095254    
 y2 =  0.238095254    
 p =   3.14159274    
 z1 =  0.310746908    
 z2 =  0.310746789    
 y1 =  0.227272719    
 y2 =  0.227272719    
 p =   3.14159274    
 z1 =  0.342103630    
 z2 =  0.342103511    
